100
1902 4 11
1910 12 15
1915 2 10
1921 12 27
1928 6 15
1940 4 29
1941 7 3
1954 1 20
1966 2 10
1967 2 20
1970 9 22
1973 9 24
1974 3 21
1985 6 4
1990 2 6
1990 4 2
1990 5 16
1990 11 20
1994 6 13
2001 6 5
2002 6 28
2005 3 21
2009 2 24
2016 11 8
2021 2 1
1905 6 15
1909 1 14
1915 12 15
1922 4 27
1922 11 30
1924 1 10
1932 9 29
1938 5 10
1938 10 25
1940 10 14
1940 12 5
1947 5 14
1954 2 2
1955 12 27
1967 3 24
1980 7 17
1981 6 19
1982 5 6
1989 3 3
1991 8 9
1999 6 1
2002 2 25
2005 1 24
2006 2 24
2019 5 16
1902 11 11
1911 5 10
1919 12 11
1921 7 27
1921 12 30
1934 11 7
1935 1 15
1939 8 2
1940 5 17
1946 10 15
1947 1 1
1957 9 19
1965 1 21
1972 3 6
1974 11 21
1976 1 9
1981 10 9
1995 1 23
2002 1 21
2002 8 9
2003 5 27
2004 10 14
2008 8 21
2012 1 12
2020 2 10
1900 1 17
1911 1 10
1915 6 30
1917 12 11
1919 12 25
1922 7 7
1942 9 14
1945 1 26
1947 12 24
1948 2 24
1952 7 17
1955 2 25
1963 1 3
1963 3 25
1968 7 8
1973 5 17
1983 1 25
1989 10 9
1994 8 10
1996 2 5
2004 7 28
2005 4 5
2007 7 11
2009 6 22
2009 7 15